36.194564 39.122437 42.050310 44.978183 47.906056 50.833929 53.761803 56.689676 59.617549 62.545422 65.473295
36.194564 39.122437 42.050310 44.978183 47.906056 50.833929 53.761803 56.689676 59.617549 62.545422 65.473295
36.194564 39.122437 42.050310 44.978183 47.906056 50.833929 53.761803 56.689676 59.617549 62.545422 65.473295
36.194564 39.122437 42.050310 44.978183 47.906056 50.833929 53.761803 56.689676 59.617549 62.545422 65.473295
36.194564 39.122437 42.050310 44.978183 47.906056 50.833929 53.761803 56.689676 59.617549 62.545422 65.473295
36.194564 39.122437 42.050310 44.978183 47.906056 50.833929 53.761803 56.689676 59.617549 62.545422 65.473295
36.194564 39.122437 42.050310 44.978183 47.906056 50.833929 53.761803 56.689676 59.617549 62.545422 65.473295
36.194564 39.122437 42.050310 44.978183 47.906056 50.833929 53.761803 56.689676 59.617549 62.545422 65.473295
36.194564 39.122437 42.050310 44.978183 47.906056 50.833929 53.761803 56.689676 59.617549 62.545422 65.473295
36.194564 39.122437 42.050310 44.978183 47.906056 50.833929 53.761803 56.689676 59.617549 62.545422 65.473295
36.194564 39.122437 42.050310 44.978183 47.906056 50.833929 53.761803 56.687014 59.617549 62.545422 65.473295
