92640000.000000 209127912.215998 320688804.786401 427554832.470402 529527814.376003 626815638.214401 718987159.432802 806558457.252001 889044190.712002 966877122.168800 1039843701.599981
185280000.000000 418312447.543995 641751322.112000 855022303.568004 1059065335.571205 1253403975.079207 1438105360.924808 1613081322.833602 1778277664.398402 1933727550.584807 2079687403.200052
277920000.000000 627480804.839995 962167527.059201 1282802819.584808 1588633595.027211 1880117691.692007 2156698585.278403 2419241800.498409 2667304868.176801 2900697696.437597 3119531104.800126
370560000.000000 836543196.026393 1282970386.971198 1710613264.960812 2117958375.101607 2507289246.610411 2876353897.432814 3225973362.692801 3556362001.314405 3867557831.672801 4159374806.400201
463200000.000000 1045696993.093592 1604026433.083997 2137801665.006416 2647941601.078413 3133831476.084011 3595188174.463212 4032348199.281609 4445547749.806401 4834380757.434398 5199218508.000276
555840000.000000 1254773944.508792 1924612507.367199 2565266709.399230 3177045551.016007 3760289579.791220 4313760367.375208 4839141237.997617 5334642092.417610 5801363036.811189 6239062209.600350
648480000.000000 1463773241.370393 2245229319.911203 2992713149.055227 3706653446.650418 4386294698.602397 5033029833.466430 5645259652.779196 6223810853.976007 6768245012.389592 7278905911.200425
741120000.000000 1673014399.810389 2566151088.358403 3420786487.451213 4236826764.503227 5014455540.177614 5752059055.782429 6451848848.292013 7112723193.727200 7735139930.393559 8318749612.800500
833760000.000000 1882257984.955184 2886959610.581614 3848080853.606421 4765979248.536859 5640168645.511226 6470977458.579229 7258216404.766418 8001773046.750426 8702184495.193632 9358593314.399870
926400000.000000 2091441711.381579 3207288454.156010 4275812835.527226 5295325868.954439 6267172757.798425 7190445105.562444 8064590432.453609 8890803486.135204 9668717834.182428 10398437015.998991
1019040000.000000 2300212089.090377 3528888891.045596 4703712260.079219 5825419105.548854 6893024994.207215 7908819117.582427 8870146680.695213 9779727959.410450 10635801226.259258 11438280717.598112
