313800000.000000 10313994437.322033 20841914380.353809 31872694089.456818 43427560415.541885 55484246825.204735 68088932549.202415 81186341134.958954 94828456707.153671 108968926754.614319 123630624292.201843
627600000.000000 20621924060.098064 41643800984.703682 63754745321.355766 86854081148.590012 110992839548.801285 136163829384.741470 162376494439.060822 189636639605.682312 217940712636.085663 247261248584.407654
941400000.000000 30931586487.029732 62514913115.085793 95603266792.836197 130277309553.741959 166488003040.189392 204294955715.141663 243605462556.257263 284466915757.198853 326899675766.805054 370891872876.589783
1255200000.000000 41252598781.183319 83344611226.139252 127448582576.627945 173726616661.440765 221934128173.962982 272312323452.701477 324773262686.748169 379293986221.026184 435870421965.787231 494522497168.765076
1569000000.000000 51563820731.855431 104147190952.151581 159360524680.218170 217105398639.991150 277447659389.403748 340417631001.180725 405979271148.881348 474107280891.813110 544845153614.327148 618153121460.974121
1882800000.000000 61883273502.268555 125000108638.896317 191242835832.740875 260578358524.419464 332970201186.458496 408551009976.988647 487140486623.580078 568930365906.081421 653802817141.927124 741783745753.210449
2196600000.000000 72211043732.630188 145849733997.743896 223127139710.042755 303997341559.391785 388541261499.881836 476609705093.671387 568373960031.583984 663745480021.240234 762771224055.295654 865414370045.446777
2510400000.000000 82512908540.859909 166666695998.249512 254944297426.299133 347355763089.113098 443881425659.516418 544694132352.071228 649557008838.648560 758588059082.273438 871738244725.334717 989044994337.683105
2824200000.000000 92814513428.466278 187495787627.848389 286844889662.669434 390823524561.076843 499483763087.954773 612790429318.936768 730763797062.643555 853415909307.969971 980689236956.935791 1112675618629.919434
3138000000.000000 103122529691.449249 208376256900.672302 318698609546.617859 434270492383.169373 554947822744.745117 680827897584.700195 811969892164.984985 948245838898.662842 1089694985799.862061 1236306242922.155762
3451800000.000000 113474819100.618790 229120527766.835114 350534394907.556396 477637491293.464966 610535258057.439331 748982503411.415649 893038808009.782959 1043087118356.579834 1198641819301.487305 1359936867214.392090
