154400.000000 312660.000000 470920.000000 629180.000000 787440.000000 945700.000000 1103960.000000 1262220.000000 1420480.000000 1578740.000000 1737000.000000
308800.000000 625320.000000 941840.000000 1258360.000000 1574880.000000 1891400.000000 2207920.000000 2524440.000000 2840960.000000 3157480.000000 3474000.000000
463200.000000 937980.000000 1412760.000000 1887540.000000 2362320.000000 2837100.000000 3311880.000000 3786660.000000 4261440.000000 4736220.000000 5211000.000000
617600.000000 1250640.000000 1883680.000000 2516720.000000 3149760.000000 3782800.000000 4415840.000000 5048880.000000 5681920.000000 6314960.000000 6948000.000000
772000.000000 1563300.000000 2354600.000000 3145900.000000 3937200.000000 4728500.000000 5519800.000000 6311100.000000 7102400.000000 7893700.000000 8685000.000000
926400.000000 1875960.000000 2825520.000000 3775080.000000 4724640.000000 5674200.000000 6623760.000000 7573320.000000 8522880.000000 9472440.000000 10422000.000000
1080800.000000 2188620.000000 3296440.000000 4404260.000000 5512080.000000 6619900.000000 7727720.000000 8835540.000000 9943360.000000 11051180.000000 12159000.000000
1235200.000000 2501280.000000 3767360.000000 5033440.000000 6299520.000000 7565600.000001 8831680.000001 10097760.000000 11363840.000000 12629920.000000 13896000.000000
1389600.000000 2813940.000000 4238280.000000 5662620.000000 7086960.000001 8511300.000001 9935640.000001 11359980.000001 12784320.000000 14208660.000000 15633000.000000
1544000.000000 3126599.999999 4709200.000000 6291800.000001 7874400.000001 9457000.000001 11039600.000001 12622200.000001 14204800.000000 15787400.000000 17370000.000000
1698400.000000 3439259.999999 5180120.000000 6920980.000001 8661840.000001 10402700.000001 12143560.000001 13882837.400001 15625280.000001 17366140.000000 19107000.000000
