8.462385 19.106751 29.302305 39.057470 48.368848 57.240649 65.659501 73.658579 81.223623 88.325816 94.986586
16.924769 38.199462 58.616432 78.124176 96.725503 114.508712 131.352843 147.363340 162.428774 176.656953 189.973172
25.387154 57.312198 87.913490 117.186523 145.129966 171.736652 197.023428 221.017633 243.632225 264.972424 284.959757
33.849538 76.414072 117.196953 156.239190 193.496892 229.004493 262.715662 294.698010 324.877351 353.286492 379.946343
42.311923 95.511143 146.522829 195.307596 241.860568 286.214330 328.379596 368.336270 406.091073 441.611052 474.932929
50.774308 114.628239 175.819222 234.327677 290.284907 343.472934 394.087200 442.020193 487.295928 529.931400 569.919515
59.236692 133.710014 205.111256 273.375985 338.634395 400.745800 459.687662 515.678403 568.502704 618.244876 664.906101
67.699077 152.828662 234.413783 312.488429 386.961568 458.044675 525.460659 589.359223 649.683397 706.579633 759.892686
76.161461 171.930979 263.763673 351.512796 435.342312 515.263748 591.078559 663.023566 730.961848 794.904784 854.879272
84.623846 191.046818 293.055781 390.548395 483.789558 572.483117 656.747888 736.657244 812.135964 883.236955 949.865858
93.086230 210.121648 322.309096 429.651825 532.131583 629.670565 722.438275 810.302524 893.459119 971.553535 1044.852444
