59.861230 62.289223 64.717215 67.145207 69.573200 72.001192 74.429185 76.857177 79.285169 81.713162 84.141154
59.861230 62.289223 64.717215 67.145207 69.573200 72.001192 74.429185 76.857177 79.285169 81.713162 84.141154
59.861230 62.289223 64.717215 67.145207 69.573200 72.001192 74.429185 76.857177 79.285169 81.713162 84.141154
59.861230 62.289223 64.717215 67.145207 69.573200 72.001192 74.429185 76.857177 79.285169 81.713162 84.141154
59.861230 62.289223 64.717215 67.145207 69.573200 72.001192 74.429185 76.857177 79.285169 81.713162 84.141154
59.861230 62.289223 64.717215 67.145207 69.573200 72.001192 74.429185 76.857177 79.285169 81.713162 84.141154
59.861230 62.289223 64.717215 67.145207 69.573200 72.001192 74.429185 76.857177 79.285169 81.713162 84.141154
59.861230 62.289223 64.717215 67.145207 69.573200 72.001192 74.429185 76.857177 79.285169 81.713162 84.141154
59.861230 62.289223 64.717215 67.145207 69.573200 72.001192 74.429185 76.857177 79.285169 81.713162 84.141154
59.861230 62.289223 64.717215 67.145207 69.573200 72.001192 74.429185 76.857177 79.285169 81.713162 84.141154
59.861230 62.289223 64.717215 67.145207 69.573200 72.001192 74.429185 76.854970 79.285169 81.713162 84.141154
