10.517095 21.057650 31.261479 41.128244 50.671599 59.856371 68.723801 77.256921 85.434323 93.289945 100.808446
21.034191 42.114289 62.513013 82.261152 101.313251 119.727463 137.444400 154.489625 170.876231 186.585002 201.616893
31.551286 63.175704 93.775503 123.406645 152.017775 179.569394 206.171628 231.734972 256.327804 279.874610 302.425339
42.068381 84.230601 125.060861 164.545677 202.642571 239.441048 274.930715 308.979925 341.763869 373.167925 403.233786
52.585476 105.295443 156.334645 205.655267 253.336701 299.331188 343.613949 386.264771 427.186786 466.454049 504.042232
63.102572 126.352925 187.569548 246.788793 303.969475 359.175479 412.351348 463.494778 512.609422 559.747983 604.850678
73.619667 147.400518 218.836140 287.904058 354.645120 419.080507 481.059192 540.737259 598.063916 653.053042 705.659125
84.136762 168.464967 250.104361 329.073487 405.305425 478.879343 549.764508 618.012721 683.530266 746.328209 806.467571
94.653857 189.507053 281.382696 370.181953 455.993094 538.793643 618.541236 695.242279 768.934360 839.632369 907.276018
105.170953 210.587684 312.616756 411.357001 506.678009 598.650632 687.289423 772.464533 854.383180 932.921808 1008.084464
115.688048 231.649942 343.902114 452.457770 557.336798 658.469808 755.961645 849.641389 939.793118 1026.200515 1108.892910
