480000.000000 66662939.113879 137549642.271801 213277158.996943 293984141.730884 379115179.248114 469248925.090941 564279586.644981 663973137.823874 768491473.385992 877805740.800142
960000.000000 133249739.603770 275132144.370797 426869291.459434 587587590.341830 758535714.451380 938392859.026701 1128462196.726779 1327777167.756577 1537010196.384781 1755611481.600284
1440000.000000 199930310.820046 412544737.119418 639914027.288416 881590967.093512 1137709400.221087 1407930309.429590 1693075190.398907 1991981125.830011 2305432744.279581 2633417222.400294
1920000.000000 266522721.524336 550423779.122366 853189583.366963 1175393979.045221 1517028150.105968 1877471767.128479 2257203301.255108 2656034409.573865 3074300903.489474 3511222963.200198
2400000.000000 333208101.495814 687690506.296619 1066627835.663082 1469693094.241647 1896063984.893280 2346780000.200213 2821568644.034473 3319585979.858597 3842612048.555480 4389028704.000102
2880000.000000 399913517.947286 825073445.054851 1279907399.037618 1762855740.292652 2274870602.349440 2816433662.187071 3386085462.602609 3983916568.485618 4611037000.827792 5266834444.800006
3360000.000000 466472267.365185 963105565.764978 1493381716.997719 2057598863.885817 2654618934.365463 3285236174.503675 3949891386.860479 4648026755.832706 5379449931.212058 6144640185.599910
3840000.000000 533022200.731884 1100946137.726332 1706808748.865025 2351460382.359117 3033443183.924015 3754941129.879327 4514560482.676545 5311906924.389462 6148039182.620283 7022445926.399814
4320000.000000 599677926.712958 1238691336.042900 1920837676.591436 2644864267.629264 3413191515.940041 4224371986.208642 5078523492.937489 5975654852.178225 6916533060.383715 7900251667.199718
4800000.000000 666663853.884377 1375620648.893988 2132718693.662201 2938792307.216163 3792485420.589700 4693510309.930118 5642864791.940763 6640076807.154119 7685161583.292707 8778057407.999826
5280000.000000 733160089.484684 1513464426.692135 2347141939.314960 3233068981.555007 4171674334.084199 5163286595.174710 6206417727.174429 7303990636.997262 8453641836.249773 9655863148.800684
