0.000000 8918400.000000 17836800.000000 26755200.000000 35673600.000000 44592000.000000 53510400.000000 62428800.000000 71347200.000000 80265600.000000 89184000.000000
0.000000 17836800.000000 35673600.000000 53510400.000000 71347200.000000 89184000.000000 107020800.000000 124857600.000000 142694400.000000 160531200.000000 178368000.000000
0.000000 26755200.000000 53510400.000000 80265600.000000 107020800.000000 133776000.000000 160531200.000000 187286400.000000 214041600.000000 240796800.000000 267552000.000000
0.000000 35673600.000000 71347200.000000 107020800.000000 142694400.000000 178368000.000000 214041600.000000 249715200.000000 285388800.000000 321062400.000000 356736000.000000
0.000000 44592000.000000 89184000.000000 133776000.000000 178368000.000000 222960000.000000 267552000.000000 312144000.000000 356736000.000000 401328000.000000 445920000.000000
0.000000 53510400.000000 107020800.000000 160531200.000000 214041600.000000 267552000.000000 321062400.000000 374572800.000000 428083200.000000 481593600.000000 535104000.000000
0.000000 62428800.000000 124857600.000000 187286400.000000 249715200.000000 312144000.000000 374572800.000000 437001600.000000 499430400.000000 561859200.000000 624288000.000000
0.000000 71347200.000000 142694400.000000 214041600.000000 285388800.000000 356736000.000000 428083200.000000 499430400.000000 570777600.000000 642124800.000000 713472000.000000
0.000000 80265600.000000 160531200.000000 240796800.000000 321062400.000000 401328000.000000 481593600.000000 561859200.000000 642124800.000000 722390400.000000 802656000.000000
0.000000 89184000.000000 178368000.000000 267552000.000000 356736000.000000 445920000.000000 535104000.000000 624288000.000000 713472000.000000 802656000.000000 891840000.000000
0.000000 98102400.000000 196204800.000000 294307200.000000 392409600.000000 490512000.000000 588614400.000000 686627616.000000 784819200.000000 882921600.000000 981024000.000000
