800.000000 147400.000000 294000.000000 440600.000000 587200.000000 733800.000000 880400.000000 1027000.000000 1173600.000000 1320200.000000 1466800.000000
1600.000000 294800.000000 588000.000000 881200.000000 1174400.000000 1467600.000000 1760800.000000 2054000.000000 2347200.000000 2640400.000000 2933600.000000
2400.000000 442200.000000 882000.000000 1321800.000000 1761600.000000 2201400.000000 2641200.000000 3081000.000000 3520800.000000 3960600.000000 4400400.000000
3200.000000 589600.000000 1176000.000000 1762400.000000 2348800.000000 2935200.000000 3521600.000000 4108000.000000 4694400.000000 5280800.000000 5867200.000000
4000.000000 737000.000000 1470000.000000 2203000.000000 2936000.000000 3669000.000000 4402000.000000 5135000.000000 5867999.999999 6600999.999999 7333999.999999
4800.000000 884400.000000 1764000.000000 2643600.000000 3523200.000000 4402799.999999 5282399.999999 6161999.999999 7041599.999999 7921199.999999 8800799.999999
5600.000000 1031800.000000 2058000.000000 3084200.000000 4110399.999999 5136599.999999 6162799.999999 7188999.999999 8215199.999999 9241400.000000 10267600.000000
6400.000000 1179200.000000 2352000.000000 3524800.000000 4697599.999999 5870399.999999 7043199.999999 8215999.999999 9388800.000000 10561600.000000 11734400.000001
7200.000000 1326600.000000 2646000.000000 3965399.999999 5284799.999999 6604199.999999 7923599.999999 9243000.000000 10562400.000000 11881800.000001 13201200.000002
8000.000000 1474000.000000 2940000.000000 4405999.999999 5871999.999999 7337999.999999 8803999.999999 10270000.000000 11736000.000001 13202000.000002 14668000.000002
8800.000000 1621400.000000 3234000.000000 4846599.999999 6459199.999999 8071799.999999 9684400.000000 11295534.000001 12909600.000002 14522200.000003 16134800.000003
