42.311923 42.311923 42.311923 42.311923 42.311923 42.311923 42.311923 42.311923 42.311923 42.311923 42.311923
84.623846 84.623846 84.623846 84.623846 84.623846 84.623846 84.623846 84.623846 84.623846 84.623846 84.623846
126.935769 126.935769 126.935769 126.935769 126.935769 126.935769 126.935769 126.935769 126.935769 126.935769 126.935769
169.247692 169.247692 169.247692 169.247692 169.247692 169.247692 169.247692 169.247692 169.247692 169.247692 169.247692
211.559615 211.559615 211.559615 211.559615 211.559615 211.559615 211.559615 211.559615 211.559615 211.559615 211.559615
253.871537 253.871537 253.871537 253.871537 253.871537 253.871537 253.871537 253.871537 253.871537 253.871537 253.871537
296.183460 296.183460 296.183460 296.183460 296.183460 296.183460 296.183460 296.183460 296.183460 296.183460 296.183460
338.495383 338.495383 338.495383 338.495383 338.495383 338.495383 338.495383 338.495383 338.495383 338.495383 338.495383
380.807306 380.807306 380.807306 380.807306 380.807306 380.807306 380.807306 380.807306 380.807306 380.807306 380.807306
423.119229 423.119229 423.119229 423.119229 423.119229 423.119229 423.119229 423.119229 423.119229 423.119229 423.119229
465.431152 465.431152 465.431152 465.431152 465.431152 465.431152 465.431152 465.431152 465.431152 465.431152 465.431152
