89184000.000000 89184000.000000 89184000.000000 89184000.000000 89184000.000000 89184000.000000 89184000.000000 89184000.000000 89184000.000000 89184000.000000 89184000.000000
178368000.000000 178368000.000000 178368000.000000 178368000.000000 178368000.000000 178368000.000000 178368000.000000 178368000.000000 178368000.000000 178368000.000000 178368000.000000
267552000.000000 267552000.000000 267552000.000000 267552000.000000 267552000.000000 267552000.000000 267552000.000000 267552000.000000 267552000.000000 267552000.000000 267552000.000000
356736000.000000 356736000.000000 356736000.000000 356736000.000000 356736000.000000 356736000.000000 356736000.000000 356736000.000000 356736000.000000 356736000.000000 356736000.000000
445920000.000000 445920000.000000 445920000.000000 445920000.000000 445920000.000000 445920000.000000 445920000.000000 445920000.000000 445920000.000000 445920000.000000 445920000.000000
535104000.000000 535104000.000000 535104000.000000 535104000.000000 535104000.000000 535104000.000000 535104000.000000 535104000.000000 535104000.000000 535104000.000000 535104000.000000
624288000.000000 624288000.000000 624288000.000000 624288000.000000 624288000.000000 624288000.000000 624288000.000000 624288000.000000 624288000.000000 624288000.000000 624288000.000000
713472000.000000 713472000.000000 713472000.000000 713472000.000000 713472000.000000 713472000.000000 713472000.000000 713472000.000000 713472000.000000 713472000.000000 713472000.000000
802656000.000000 802656000.000000 802656000.000000 802656000.000000 802656000.000000 802656000.000000 802656000.000000 802656000.000000 802656000.000000 802656000.000000 802656000.000000
891840000.000000 891840000.000000 891840000.000000 891840000.000000 891840000.000000 891840000.000000 891840000.000000 891840000.000000 891840000.000000 891840000.000000 891840000.000000
981024000.000000 981024000.000000 981024000.000000 981024000.000000 981024000.000000 981024000.000000 981024000.000000 981024000.000000 981024000.000000 981024000.000000 981024000.000000
