2779200000.000000 2779200000.000000 2779200000.000000 2779200000.000000 2779200000.000000 2779200000.000000 2779200000.000000 2779200000.000000 2779200000.000000 2779200000.000000 2779200000.000000
5558400000.000000 5558400000.000000 5558400000.000000 5558400000.000000 5558400000.000000 5558400000.000000 5558400000.000000 5558400000.000000 5558400000.000000 5558400000.000000 5558400000.000000
8337600000.000000 8337600000.000000 8337600000.000000 8337600000.000000 8337600000.000000 8337600000.000000 8337600000.000000 8337600000.000000 8337600000.000000 8337600000.000000 8337600000.000000
11116800000.000000 11116800000.000000 11116800000.000000 11116800000.000000 11116800000.000000 11116800000.000000 11116800000.000000 11116800000.000000 11116800000.000000 11116800000.000000 11116800000.000000
13896000000.000000 13896000000.000000 13896000000.000000 13896000000.000000 13896000000.000000 13896000000.000000 13896000000.000000 13896000000.000000 13896000000.000000 13896000000.000000 13896000000.000000
16675200000.000000 16675200000.000000 16675200000.000000 16675200000.000000 16675200000.000000 16675200000.000000 16675200000.000000 16675200000.000000 16675200000.000000 16675200000.000000 16675200000.000000
19454400000.000000 19454400000.000000 19454400000.000000 19454400000.000000 19454400000.000000 19454400000.000000 19454400000.000000 19454400000.000000 19454400000.000000 19454400000.000000 19454400000.000000
22233600000.000000 22233600000.000000 22233600000.000000 22233600000.000000 22233600000.000000 22233600000.000000 22233600000.000000 22233600000.000000 22233600000.000000 22233600000.000000 22233600000.000000
25012800000.000000 25012800000.000000 25012800000.000000 25012800000.000000 25012800000.000000 25012800000.000000 25012800000.000000 25012800000.000000 25012800000.000000 25012800000.000000 25012800000.000000
27792000000.000000 27792000000.000000 27792000000.000000 27792000000.000000 27792000000.000000 27792000000.000000 27792000000.000000 27792000000.000000 27792000000.000000 27792000000.000000 27792000000.000000
30571200000.000000 30571200000.000000 30571200000.000000 30571200000.000000 30571200000.000000 30571200000.000000 30571200000.000000 30571200000.000000 30571200000.000000 30571200000.000000 30571200000.000000
