463200000.000000 463200000.000000 463200000.000000 463200000.000000 463200000.000000 463200000.000000 463200000.000000 463200000.000000 463200000.000000 463200000.000000 463200000.000000
926400000.000000 926400000.000000 926400000.000000 926400000.000000 926400000.000000 926400000.000000 926400000.000000 926400000.000000 926400000.000000 926400000.000000 926400000.000000
1389600000.000000 1389600000.000000 1389600000.000000 1389600000.000000 1389600000.000000 1389600000.000000 1389600000.000000 1389600000.000000 1389600000.000000 1389600000.000000 1389600000.000000
1852800000.000000 1852800000.000000 1852800000.000000 1852800000.000000 1852800000.000000 1852800000.000000 1852800000.000000 1852800000.000000 1852800000.000000 1852800000.000000 1852800000.000000
2316000000.000000 2316000000.000000 2316000000.000000 2316000000.000000 2316000000.000000 2316000000.000000 2316000000.000000 2316000000.000000 2316000000.000000 2316000000.000000 2316000000.000000
2779200000.000000 2779200000.000000 2779200000.000000 2779200000.000000 2779200000.000000 2779200000.000000 2779200000.000000 2779200000.000000 2779200000.000000 2779200000.000000 2779200000.000000
3242400000.000000 3242400000.000000 3242400000.000000 3242400000.000000 3242400000.000000 3242400000.000000 3242400000.000000 3242400000.000000 3242400000.000000 3242400000.000000 3242400000.000000
3705600000.000000 3705600000.000000 3705600000.000000 3705600000.000000 3705600000.000000 3705600000.000000 3705600000.000000 3705600000.000000 3705600000.000000 3705600000.000000 3705600000.000000
4168800000.000000 4168800000.000000 4168800000.000000 4168800000.000000 4168800000.000000 4168800000.000000 4168800000.000000 4168800000.000000 4168800000.000000 4168800000.000000 4168800000.000000
4632000000.000000 4632000000.000000 4632000000.000000 4632000000.000000 4632000000.000000 4632000000.000000 4632000000.000000 4632000000.000000 4632000000.000000 4632000000.000000 4632000000.000000
5095200000.000000 5095200000.000000 5095200000.000000 5095200000.000000 5095200000.000000 5095200000.000000 5095200000.000000 5095200000.000000 5095200000.000000 5095200000.000000 5095200000.000000
