772000.000000 772000.000000 772000.000000 772000.000000 772000.000000 772000.000000 772000.000000 772000.000000 772000.000000 772000.000000 772000.000000
1544000.000000 1544000.000000 1544000.000000 1544000.000000 1544000.000000 1544000.000000 1544000.000000 1544000.000000 1544000.000000 1544000.000000 1544000.000000
2316000.000000 2316000.000000 2316000.000000 2316000.000000 2316000.000000 2316000.000000 2316000.000000 2316000.000000 2316000.000000 2316000.000000 2316000.000000
3088000.000000 3088000.000000 3088000.000000 3088000.000000 3088000.000000 3088000.000000 3088000.000000 3088000.000000 3088000.000000 3088000.000000 3088000.000000
3860000.000000 3860000.000000 3860000.000000 3860000.000000 3860000.000000 3860000.000000 3860000.000000 3860000.000000 3860000.000000 3860000.000000 3860000.000000
4632000.000000 4632000.000000 4632000.000000 4632000.000000 4632000.000000 4632000.000000 4632000.000000 4632000.000000 4632000.000000 4632000.000000 4632000.000000
5404000.000000 5404000.000000 5404000.000000 5404000.000000 5404000.000000 5404000.000000 5404000.000000 5404000.000000 5404000.000000 5404000.000000 5404000.000000
6176000.000000 6176000.000000 6176000.000000 6176000.000000 6176000.000000 6176000.000000 6176000.000000 6176000.000000 6176000.000000 6176000.000000 6176000.000000
6948000.000000 6948000.000000 6948000.000000 6948000.000000 6948000.000000 6948000.000000 6948000.000000 6948000.000000 6948000.000000 6948000.000000 6948000.000000
7720000.000000 7720000.000000 7720000.000000 7720000.000000 7720000.000000 7720000.000000 7720000.000000 7720000.000000 7720000.000000 7720000.000000 7720000.000000
8492000.000000 8492000.000000 8492000.000000 8492000.000000 8492000.000000 8492000.000000 8492000.000000 8492000.000000 8492000.000000 8492000.000000 8492000.000000
