47.639485 47.639485 47.639485 47.639485 47.639485 47.639485 47.639485 47.639485 47.639485 47.639485 47.639485
47.639485 47.639485 47.639485 47.639485 47.639485 47.639485 47.639485 47.639485 47.639485 47.639485 47.639485
47.639485 47.639485 47.639485 47.639485 47.639485 47.639485 47.639485 47.639485 47.639485 47.639485 47.639485
47.639485 47.639485 47.639485 47.639485 47.639485 47.639485 47.639485 47.639485 47.639485 47.639485 47.639485
47.639485 47.639485 47.639485 47.639485 47.639485 47.639485 47.639485 47.639485 47.639485 47.639485 47.639485
47.639485 47.639485 47.639485 47.639485 47.639485 47.639485 47.639485 47.639485 47.639485 47.639485 47.639485
47.639485 47.639485 47.639485 47.639485 47.639485 47.639485 47.639485 47.639485 47.639485 47.639485 47.639485
47.639485 47.639485 47.639485 47.639485 47.639485 47.639485 47.639485 47.639485 47.639485 47.639485 47.639485
47.639485 47.639485 47.639485 47.639485 47.639485 47.639485 47.639485 47.639485 47.639485 47.639485 47.639485
47.639485 47.639485 47.639485 47.639485 47.639485 47.639485 47.639485 47.639485 47.639485 47.639485 47.639485
47.639485 47.639485 47.639485 47.639485 47.639485 47.639485 47.639485 47.639485 47.639485 47.639485 47.639485
