53510400000.000000 53510400000.000000 53510400000.000000 53510400000.000000 53510400000.000000 53510400000.000000 53510400000.000000 53510400000.000000 53510400000.000000 53510400000.000000 53510400000.000000
107020800000.000000 107020800000.000000 107020800000.000000 107020800000.000000 107020800000.000000 107020800000.000000 107020800000.000000 107020800000.000000 107020800000.000000 107020800000.000000 107020800000.000000
160531200000.000000 160531200000.000000 160531200000.000000 160531200000.000000 160531200000.000000 160531200000.000000 160531200000.000000 160531200000.000000 160531200000.000000 160531200000.000000 160531200000.000000
214041600000.000000 214041600000.000000 214041600000.000000 214041600000.000000 214041600000.000000 214041600000.000000 214041600000.000000 214041600000.000000 214041600000.000000 214041600000.000000 214041600000.000000
267552000000.000000 267552000000.000000 267552000000.000000 267552000000.000000 267552000000.000000 267552000000.000000 267552000000.000000 267552000000.000000 267552000000.000000 267552000000.000000 267552000000.000000
321062400000.000000 321062400000.000000 321062400000.000000 321062400000.000000 321062400000.000000 321062400000.000000 321062400000.000000 321062400000.000000 321062400000.000000 321062400000.000000 321062400000.000000
374572800000.000000 374572800000.000000 374572800000.000000 374572800000.000000 374572800000.000000 374572800000.000000 374572800000.000000 374572800000.000000 374572800000.000000 374572800000.000000 374572800000.000000
428083200000.000000 428083200000.000000 428083200000.000000 428083200000.000000 428083200000.000000 428083200000.000000 428083200000.000000 428083200000.000000 428083200000.000000 428083200000.000000 428083200000.000000
481593600000.000000 481593600000.000000 481593600000.000000 481593600000.000000 481593600000.000000 481593600000.000000 481593600000.000000 481593600000.000000 481593600000.000000 481593600000.000000 481593600000.000000
535104000000.000000 535104000000.000000 535104000000.000000 535104000000.000000 535104000000.000000 535104000000.000000 535104000000.000000 535104000000.000000 535104000000.000000 535104000000.000000 535104000000.000000
588614400000.000000 588614400000.000000 588614400000.000000 588614400000.000000 588614400000.000000 588614400000.000000 588614400000.000000 588614400000.000000 588614400000.000000 588614400000.000000 588614400000.000000
