313800000.000000 12089955084.400120 23866110168.799980 35642265253.199898 47418420337.599945 59194575421.999954 70970730506.399994 82746885590.800156 94523040675.200546 106299195759.600540 118075350843.998306
627600000.000000 24179910168.799744 47732220337.599403 71284530506.399536 94836840675.199890 118389150844.000122 141941461012.800049 165493771181.600800 189046081350.401978 212598391519.202087 236150701687.992462
941400000.000000 36269865253.198929 71598330506.398727 106926795759.598740 142255261012.800201 177583726265.999512 212912191519.201233 248240656772.402924 283569122025.603699 318897587278.801758 354226052531.986633
1255200000.000000 48359820337.597855 95464440675.197464 142569061012.798187 189673681350.397583 236778301687.999054 283882922025.602356 330987542363.200745 378092162700.798218 425196783038.400208 472301403375.980774
1569000000.000000 60449775421.996719 119330550843.995972 178211326265.996124 237092101687.996338 295972877109.997742 354853652531.999878 413734427953.996704 472615203375.992615 531495978797.997314 590376754219.974976
1882800000.000000 72539730506.395737 143196661012.794830 213853591519.194611 284510522025.593994 355167452531.994812 425824383038.395569 496481313544.794312 567138244051.189209 637795174557.598267 708452105063.969116
2196600000.000000 84629685590.796158 167062771181.592499 249495856772.394470 331928942363.191162 414362027953.991577 496795113544.791443 579228199135.592407 661661284726.399658 744094370317.198364 826527455907.963257
2510400000.000000 96719640675.196304 190928881350.390900 285138122025.591675 379347362700.789001 473556603375.987976 567765844051.190674 661975084726.395874 756184325401.608398 850393566076.799805 944602806751.957397
2824200000.000000 108809595759.597046 214794991519.189178 320780387278.789673 426765783038.387512 532751178797.986816 638736574557.584961 744721970317.201050 850707366076.813110 956692761836.402222 1062678157595.951538
3138000000.000000 120899550843.997284 238661101687.986237 356422652531.985413 474184203375.984131 591945754219.987549 709707305063.984131 827468855908.011475 945230406752.025269 1062991957596.004517 1180753508439.945801
3451800000.000000 132989505928.397186 262527211856.786804 392064917785.185181 521602623713.581787 651140329641.980347 780678035570.382690 910097979947.965332 1039753447427.234253 1169291153355.565674 1298828859283.939941
