8.462385 16.994979 25.527573 34.060167 42.592761 51.125355 59.657950 68.190544 76.723138 85.255732 93.788326
16.924769 33.989958 51.055146 68.120334 85.185523 102.250711 119.315899 136.381088 153.446276 170.511464 187.576653
25.387154 50.984936 76.582719 102.180501 127.778284 153.376066 178.973849 204.571631 230.169414 255.767196 281.364979
33.849538 67.979915 102.110292 136.240668 170.371045 204.501422 238.631798 272.762175 306.892552 341.022928 375.153305
42.311923 84.974894 127.637865 170.300835 212.963806 255.626777 298.289748 340.952719 383.615690 426.278660 468.941631
50.774308 101.969873 153.165438 204.361003 255.556568 306.752133 357.947698 409.143263 460.338828 511.534393 562.729958
59.236692 118.964851 178.693010 238.421170 298.149329 357.877488 417.605647 477.333806 537.061965 596.790125 656.518284
67.699077 135.959830 204.220583 272.481337 340.742090 409.002843 477.263597 545.524350 613.785103 682.045857 750.306610
76.161461 152.954809 229.748156 306.541504 383.334851 460.128199 536.921546 613.714894 690.508241 767.301589 844.094936
84.623846 169.949788 255.275729 340.601671 425.927613 511.253554 596.579496 681.905438 767.231379 852.557321 937.883263
93.086230 186.944766 280.803302 374.661838 468.520374 562.378910 656.237445 750.010655 843.954517 937.813053 1031.671589
