154400.000000 154400.000000 154400.000000 154400.000000 154400.000000 154400.000000 154400.000000 154400.000000 154400.000000 154400.000000 154400.000000
308800.000000 308800.000000 308800.000000 308800.000000 308800.000000 308800.000000 308800.000000 308800.000000 308800.000000 308800.000000 308800.000000
463200.000000 463200.000000 463200.000000 463200.000000 463200.000000 463200.000000 463200.000000 463200.000000 463200.000000 463200.000000 463200.000000
617600.000000 617600.000000 617600.000000 617600.000000 617600.000000 617600.000000 617600.000000 617600.000000 617600.000000 617600.000000 617600.000000
772000.000000 772000.000000 772000.000000 772000.000000 772000.000000 772000.000000 772000.000000 772000.000000 772000.000000 772000.000000 772000.000000
926400.000000 926400.000000 926400.000000 926400.000000 926400.000000 926400.000000 926400.000000 926400.000000 926400.000000 926400.000000 926400.000000
1080800.000000 1080800.000000 1080800.000000 1080800.000000 1080800.000000 1080800.000000 1080800.000000 1080800.000000 1080800.000000 1080800.000000 1080800.000000
1235200.000000 1235200.000000 1235200.000000 1235200.000000 1235200.000000 1235200.000000 1235200.000000 1235200.000000 1235200.000000 1235200.000000 1235200.000000
1389600.000000 1389600.000000 1389600.000000 1389600.000000 1389600.000000 1389600.000000 1389600.000000 1389600.000000 1389600.000000 1389600.000000 1389600.000000
1544000.000000 1544000.000000 1544000.000000 1544000.000000 1544000.000000 1544000.000000 1544000.000000 1544000.000000 1544000.000000 1544000.000000 1544000.000000
1698400.000000 1698400.000000 1698400.000000 1698400.000000 1698400.000000 1698400.000000 1698400.000000 1698400.000000 1698400.000000 1698400.000000 1698400.000000
