36.194564 39.029566 41.864568 44.699571 47.534573 50.369576 53.204578 56.039580 58.874583 61.709585 64.544588
36.194564 39.029566 41.864568 44.699571 47.534573 50.369576 53.204578 56.039580 58.874583 61.709585 64.544588
36.194564 39.029566 41.864568 44.699571 47.534573 50.369576 53.204578 56.039580 58.874583 61.709585 64.544588
36.194564 39.029566 41.864568 44.699571 47.534573 50.369576 53.204578 56.039580 58.874583 61.709585 64.544588
36.194564 39.029566 41.864568 44.699571 47.534573 50.369576 53.204578 56.039580 58.874583 61.709585 64.544588
36.194564 39.029566 41.864568 44.699571 47.534573 50.369576 53.204578 56.039580 58.874583 61.709585 64.544588
36.194564 39.029566 41.864568 44.699571 47.534573 50.369576 53.204578 56.039580 58.874583 61.709585 64.544588
36.194564 39.029566 41.864568 44.699571 47.534573 50.369576 53.204578 56.039580 58.874583 61.709585 64.544588
36.194564 39.029566 41.864568 44.699571 47.534573 50.369576 53.204578 56.039580 58.874583 61.709585 64.544588
36.194564 39.029566 41.864568 44.699571 47.534573 50.369576 53.204578 56.039580 58.874583 61.709585 64.544588
36.194564 39.029566 41.864568 44.699571 47.534573 50.369576 53.204578 56.037003 58.874583 61.709585 64.544588
