92640000.000000 186048603.199999 279457206.400000 372865809.600000 466274412.800002 559683016.000004 653091619.200004 746500222.400005 839908825.600004 933317428.799996 1026726031.999976
185280000.000000 372097206.399997 558914412.799997 745731619.200001 932548825.600004 1119366032.000010 1306183238.400003 1493000444.799979 1679817651.199977 1866634857.600018 2053452064.000036
277920000.000000 558145809.599994 838371619.199997 1118597428.800000 1398823238.400038 1679049048.000037 1959274857.599991 2239500667.199962 2519726476.800017 2799952286.400096 3080178096.000101
370560000.000000 744194412.799978 1117828825.599988 1491463238.400017 1865097651.200077 2238732064.000047 2612366476.800026 2986000889.600103 3359635302.400165 3733269715.200212 4106904128.000165
463200000.000000 930243015.999963 1397286031.999952 1864329048.000035 2331372064.000056 2798415079.999969 3265458096.000043 3732501112.000231 4199544128.000295 4666587144.000211 5133630159.999841
555840000.000000 1116291619.199938 1676743238.399918 2237194857.600017 2797646476.799921 3358098095.999876 3918549715.200085 4479001334.400321 5039452953.600223 5599904572.800082 6160356191.999429
648480000.000000 1302340222.399901 1956200444.799888 2610060667.199894 3263920889.599774 3917781111.999787 4571641334.400112 5225501556.800261 5879361779.200133 6533222001.599952 7187082223.999017
741120000.000000 1488388825.599862 2235657651.199836 2982926476.799777 3730195302.399643 4477464127.999743 5224732953.600093 5972001779.200215 6719270604.800067 7466539430.399801 8213808255.998605
833760000.000000 1674437428.799827 2515114857.599747 3355792286.399649 4196469715.199503 5037147143.999792 5877824572.800065 6718502001.600150 7559179430.399951 8399856859.199646 9240534287.998194
926400000.000000 1860486031.999785 2794572063.999671 3728658095.999528 4662744127.999542 5596830159.999797 6530916192.000090 7465002224.000134 8399088255.999845 9333174287.999615 10267260319.997782
1019040000.000000 2046534635.199748 3074029270.399591 4101523905.599407 5129018540.799605 6156513175.999848 7184007811.200121 8210568360.368050 9238997081.599760 10266491716.799622 11293986351.997370
