800.000000 800.000000 800.000000 800.000000 800.000000 800.000000 800.000000 800.000000 800.000000 800.000000 800.000000
1600.000000 1600.000000 1600.000000 1600.000000 1600.000000 1600.000000 1600.000000 1600.000000 1600.000000 1600.000000 1600.000000
2400.000000 2400.000000 2400.000000 2400.000000 2400.000000 2400.000000 2400.000000 2400.000000 2400.000000 2400.000000 2400.000000
3200.000000 3200.000000 3200.000000 3200.000000 3200.000000 3200.000000 3200.000000 3200.000000 3200.000000 3200.000000 3200.000000
4000.000000 4000.000000 4000.000000 4000.000000 4000.000000 4000.000000 4000.000000 4000.000000 4000.000000 4000.000000 4000.000000
4800.000000 4800.000000 4800.000000 4800.000000 4800.000000 4800.000000 4800.000000 4800.000000 4800.000000 4800.000000 4800.000000
5600.000000 5600.000000 5600.000000 5600.000000 5600.000000 5600.000000 5600.000000 5600.000000 5600.000000 5600.000000 5600.000000
6400.000000 6400.000000 6400.000000 6400.000000 6400.000000 6400.000000 6400.000000 6400.000000 6400.000000 6400.000000 6400.000000
7200.000000 7200.000000 7200.000000 7200.000000 7200.000000 7200.000000 7200.000000 7200.000000 7200.000000 7200.000000 7200.000000
8000.000000 8000.000000 8000.000000 8000.000000 8000.000000 8000.000000 8000.000000 8000.000000 8000.000000 8000.000000 8000.000000
8800.000000 8800.000000 8800.000000 8800.000000 8800.000000 8800.000000 8800.000000 8800.000000 8800.000000 8800.000000 8800.000000
