0.000000 9641331233.986197 19282662467.972298 28923993701.958458 38565324935.944923 48206656169.931526 57847987403.917908 67489318637.904022 77130649871.889694 86771981105.875854 96413312339.860291
0.000000 19282662467.972073 38565324935.944565 57847987403.917648 77130649871.890503 96413312339.862762 115695974807.835144 134978637275.807266 154261299743.778656 173543962211.751648 192826624679.728058
0.000000 28923993701.958000 57847987403.918205 86771981105.877350 115695974807.835663 144619968509.794464 173543962211.752960 202467955913.710144 231391949615.665863 260315943317.628113 289239937019.597778
0.000000 38565324935.944824 77130649871.892029 115695974807.836639 154261299743.780762 192826624679.726227 231391949615.671936 269957274551.612823 308522599487.554749 347087924423.499268 385653249359.441528
0.000000 48206656169.932587 96413312339.866058 144619968509.796265 192826624679.725433 241033280849.657806 289239937019.589600 337446593189.514221 385653249359.442139 433859905529.371887 482066561699.285278
0.000000 57847987403.920258 115695974807.839401 173543962211.755463 231391949615.670166 289239937019.590088 347087924423.509338 404935911827.417297 462783899231.332031 520631886635.243225 578479874039.129028
0.000000 67489318637.908226 134978637275.813065 202467955913.715149 269957274551.614990 337446593189.523010 404935911827.427490 472425230465.320679 539914549103.217712 607403867741.119507 674893186378.972778
0.000000 77130649871.895935 154261299743.787659 231391949615.674255 308522599487.564087 385653249359.458069 462783899231.344849 539914549103.218140 617045198975.116211 694175848846.995361 771306498718.816528
0.000000 86771981105.883804 173543962211.763702 260315943317.634003 347087924423.512268 433859905529.390930 520631886635.265259 607403867741.129028 694175848847.016479 780947829952.873535 867719811058.660278
0.000000 96413312339.871078 192826624679.739807 289239937019.593628 385653249359.463989 482066561699.325012 578479874039.180054 674893186379.035034 771306498718.916748 867719811058.751831 964133123398.504028
0.000000 106054643573.859619 212109287147.714325 318163930721.556213 424218574295.412903 530273217869.259277 636327861443.090942 742286091704.599365 848437148590.817139 954491792164.627563 1060546435738.347778
