59.861230 62.212208 64.563186 66.914163 69.265141 71.616118 73.967096 76.318073 78.669051 81.020029 83.371006
59.861230 62.212208 64.563186 66.914163 69.265141 71.616118 73.967096 76.318073 78.669051 81.020029 83.371006
59.861230 62.212208 64.563186 66.914163 69.265141 71.616118 73.967096 76.318073 78.669051 81.020029 83.371006
59.861230 62.212208 64.563186 66.914163 69.265141 71.616118 73.967096 76.318073 78.669051 81.020029 83.371006
59.861230 62.212208 64.563186 66.914163 69.265141 71.616118 73.967096 76.318073 78.669051 81.020029 83.371006
59.861230 62.212208 64.563186 66.914163 69.265141 71.616118 73.967096 76.318073 78.669051 81.020029 83.371006
59.861230 62.212208 64.563186 66.914163 69.265141 71.616118 73.967096 76.318073 78.669051 81.020029 83.371006
59.861230 62.212208 64.563186 66.914163 69.265141 71.616118 73.967096 76.318073 78.669051 81.020029 83.371006
59.861230 62.212208 64.563186 66.914163 69.265141 71.616118 73.967096 76.318073 78.669051 81.020029 83.371006
59.861230 62.212208 64.563186 66.914163 69.265141 71.616118 73.967096 76.318073 78.669051 81.020029 83.371006
59.861230 62.212208 64.563186 66.914163 69.265141 71.616118 73.967096 76.315936 78.669051 81.020029 83.371006
