10.517095 19.381190 28.245284 37.109379 45.973474 54.837568 63.701663 72.565757 81.429852 90.293946 99.158041
21.034191 38.762380 56.490569 74.218758 91.946947 109.675136 127.403325 145.131515 162.859704 180.587893 198.316082
31.551286 58.143570 84.735853 111.328137 137.920421 164.512704 191.104988 217.697272 244.289556 270.881839 297.474123
42.068381 77.524759 112.981138 148.437516 183.893894 219.350273 254.806651 290.263029 325.719408 361.175786 396.632164
52.585476 96.905949 141.226422 185.546895 229.867368 274.187841 318.508314 362.828787 407.149259 451.469732 495.790205
63.102572 116.287139 169.471707 222.656274 275.840841 329.025409 382.209976 435.394544 488.579111 541.763679 594.948246
73.619667 135.668329 197.716991 259.765653 321.814315 383.862977 445.911639 507.960301 570.008963 632.057625 694.106287
84.136762 155.049519 225.962275 296.875032 367.787789 438.700545 509.613302 580.526058 651.438815 722.351572 793.264328
94.653857 174.430709 254.207560 333.984411 413.761262 493.538113 573.314965 653.091816 732.868667 812.645518 892.422369
105.170953 193.811898 282.452844 371.093790 459.734736 548.375682 637.016627 725.657573 814.298519 902.939465 991.580410
115.688048 213.193088 310.698129 408.203169 505.708209 603.213250 700.718290 798.134689 895.728371 993.233411 1090.738452
