480000.000000 83905081.600258 167330163.200515 250755244.800773 334180326.401028 417605408.001285 501030489.601543 584455571.201802 667880652.802065 751305734.402328 834730816.002598
960000.000000 167810163.200515 334660326.401032 501510489.601543 668360652.802060 835210816.002574 1002060979.203084 1168911142.403605 1335761305.604120 1502611468.804666 1669461632.005206
1440000.000000 251715244.800771 501990489.601545 752265734.402313 1002540979.203090 1252816224.003860 1503091468.804638 1753366713.605402 2003641958.406164 2253917203.206981 2504192448.007711
1920000.000000 335620326.401033 669320652.802060 1003020979.203080 1336721305.604114 1670421632.005141 2004121958.406197 2337822284.807203 2671522611.208165 3005222937.609172 3338923264.010080
2400000.000000 419525408.001296 836650816.002575 1253776224.003865 1670901632.005133 2088027040.006426 2505152448.007782 2922277856.008993 3339403264.010153 3756528672.011343 4173654080.012449
2880000.000000 503430489.601559 1003980979.203089 1504531468.804647 2005081958.406158 2505632448.007778 3006182937.609387 3506733427.210805 4007283916.812146 4507834406.413663 5008384896.015225
3360000.000000 587335571.201823 1171311142.403603 1755286713.605433 2339262284.807200 2923237856.009139 3507213427.210983 4091188998.412606 4675164569.614350 5259140140.816306 5843115712.018071
3840000.000000 671240652.802084 1338641305.604123 2006041958.406214 2673442611.208244 3340843264.010503 4008243916.812587 4675644569.614453 5343045222.416731 6010445875.218967 6677846528.020917
4320000.000000 755145734.402352 1505971468.804641 2256797203.206958 3007622937.609290 3758448672.011873 4509274406.414091 5260100140.816361 6010925875.219089 6761751609.621616 7512577344.023763
4800000.000000 839050816.002609 1673301632.005165 2507552448.007632 3341803264.010315 4176054080.013240 5010304896.015467 5844555712.018244 6678806528.021500 7513057344.024270 8347308160.026608
5280000.000000 922955897.602881 1840631795.205683 2758307692.808334 3675983590.411352 4593659488.014344 5511335385.616796 6428177032.404125 7346687180.823862 8264363078.426921 9182038976.028778
