36.909871 39.827515 42.745160 45.662804 48.580448 51.498093 54.415737 57.333381 60.251025 63.168670 66.086314
36.909871 39.827515 42.745160 45.662804 48.580448 51.498093 54.415737 57.333381 60.251025 63.168670 66.086314
36.909871 39.827515 42.745160 45.662804 48.580448 51.498093 54.415737 57.333381 60.251025 63.168670 66.086314
36.909871 39.827515 42.745160 45.662804 48.580448 51.498093 54.415737 57.333381 60.251025 63.168670 66.086314
36.909871 39.827515 42.745160 45.662804 48.580448 51.498093 54.415737 57.333381 60.251025 63.168670 66.086314
36.909871 39.827515 42.745160 45.662804 48.580448 51.498093 54.415737 57.333381 60.251025 63.168670 66.086314
36.909871 39.827515 42.745160 45.662804 48.580448 51.498093 54.415737 57.333381 60.251025 63.168670 66.086314
36.909871 39.827515 42.745160 45.662804 48.580448 51.498093 54.415737 57.333381 60.251025 63.168670 66.086314
36.909871 39.827515 42.745160 45.662804 48.580448 51.498093 54.415737 57.333381 60.251025 63.168670 66.086314
36.909871 39.827515 42.745160 45.662804 48.580448 51.498093 54.415737 57.333381 60.251025 63.168670 66.086314
36.909871 39.827515 42.745160 45.662804 48.580448 51.498093 54.415737 57.330729 60.251025 63.168670 66.086314
