694800000.000000 1274702854.000000 1833797027.000000 2372222637.000000 2888740045.000000 3385908431.000000 3861550176.000000 4316680846.000000 4750645592.000000 5163823659.000000 5556277000.000000
1389600000.000000 2549398181.000000 3667615477.000000 4743719208.000000 5779059023.000000 6771648952.000000 7723630716.000000 8633160779.000000 9501494413.000000 10327714482.000000 11112554000.000000
2084400000.000000 3824191359.000000 5501289177.000000 7115657556.000000 8668191051.000000 10157425950.000000 11585101569.000000 12950438574.000000 14252236698.000000 15491472135.000000 16668831000.000000
2779200000.000000 5098784782.000000 7335213005.000000 9487795080.000000 11557519939.000000 13543068620.000000 15446715435.000000 17266076062.000000 19002513467.000000 20655387855.000000 22225108000.000000
3474000000.000000 6373531640.000000 9168560728.000000 11860168257.000000 14447504834.000000 16929445462.000000 19307766513.000000 21582744170.000000 23753297440.000000 25819432692.000000 27781385000.000000
4168800000.000000 7648468410.000000 11002080993.000000 14232078234.000000 17336743398.000000 20315289624.000000 23169280212.000000 25898967027.000000 28504116153.000000 30982980168.000000 33337662000.000000
4863600000.000000 8922843550.000000 12836243369.000000 16604138751.000000 20225638615.000000 23701485239.000000 27031336434.000000 30215507755.000000 33254318810.000000 36147075957.000000 38893939000.000000
5558400000.000000 10197497189.000000 14669881171.000000 18975558894.000000 23115087356.000000 27087354877.000000 30894028398.000000 34532714912.000000 38005271851.000000 41310639066.000000 44450216000.000000
6253200000.000000 11472338424.000000 16503552555.000000 21348257469.000000 26003876037.000000 30473299785.000000 34755680478.000000 38849218584.000000 42755588571.000000 46475043462.000000 50006493000.000000
6948000000.000000 12747128128.000000 18336901436.000000 23719223097.000000 28894364662.000000 33859713104.000000 38616420633.000000 43164908761.000000 47505650531.000000 51638903598.000000 55562770000.000000
7642800000.000000 14021539745.000000 20170450072.000000 26091871878.000000 31782635717.000000 37246263646.000000 42478418376.000000 47477825914.000000 52256444347.000000 56802793842.000000 61119047000.000000
