193.000000 350.488000 507.976000 665.464000 822.952000 980.440000 1137.928000 1295.416000 1452.904000 1610.392000 1767.880000
193.000000 350.488000 507.976000 665.464000 822.952000 980.440000 1137.928000 1295.416000 1452.904000 1610.392000 1767.880000
193.000000 350.488000 507.976000 665.464000 822.952000 980.440000 1137.928000 1295.416000 1452.904000 1610.392000 1767.880000
193.000000 350.488000 507.976000 665.464000 822.952000 980.440000 1137.928000 1295.416000 1452.904000 1610.392000 1767.880000
193.000000 350.488000 507.976000 665.464000 822.952000 980.440000 1137.928000 1295.416000 1452.904000 1610.392000 1767.880000
193.000000 350.488000 507.976000 665.464000 822.952000 980.440000 1137.928000 1295.416000 1452.904000 1610.392000 1767.880000
193.000000 350.488000 507.976000 665.464000 822.952000 980.440000 1137.928000 1295.416000 1452.904000 1610.392000 1767.880000
193.000000 350.488000 507.976000 665.464000 822.952000 980.440000 1137.928000 1295.416000 1452.904000 1610.392000 1767.880000
193.000000 350.488000 507.976000 665.464000 822.952000 980.440000 1137.928000 1295.416000 1452.904000 1610.392000 1767.880000
193.000000 350.488000 507.976000 665.464000 822.952000 980.440000 1137.928000 1295.416000 1452.904000 1610.392000 1767.880000
193.000000 350.488000 507.976000 665.464000 822.952000 980.440000 1137.928000 1295.272829 1452.904000 1610.392000 1767.880000
