60.576538 62.836282 65.096026 67.355770 69.615514 71.875258 74.135002 76.394746 78.654491 80.914235 83.173979
60.576538 62.836282 65.096026 67.355770 69.615514 71.875258 74.135002 76.394746 78.654491 80.914235 83.173979
60.576538 62.836282 65.096026 67.355770 69.615514 71.875258 74.135002 76.394746 78.654491 80.914235 83.173979
60.576538 62.836282 65.096026 67.355770 69.615514 71.875258 74.135002 76.394746 78.654491 80.914235 83.173979
60.576538 62.836282 65.096026 67.355770 69.615514 71.875258 74.135002 76.394746 78.654491 80.914235 83.173979
60.576538 62.836282 65.096026 67.355770 69.615514 71.875258 74.135002 76.394746 78.654491 80.914235 83.173979
60.576538 62.836282 65.096026 67.355770 69.615514 71.875258 74.135002 76.394746 78.654491 80.914235 83.173979
60.576538 62.836282 65.096026 67.355770 69.615514 71.875258 74.135002 76.394746 78.654491 80.914235 83.173979
60.576538 62.836282 65.096026 67.355770 69.615514 71.875258 74.135002 76.394746 78.654491 80.914235 83.173979
60.576538 62.836282 65.096026 67.355770 69.615514 71.875258 74.135002 76.394746 78.654491 80.914235 83.173979
60.576538 62.836282 65.096026 67.355770 69.615514 71.875258 74.135002 76.392692 78.654491 80.914235 83.173979
