283.961572 357.023691 433.083204 512.103820 594.061620 678.954049 766.977319 857.829399 951.638705 1048.457859 1148.243972
567.923144 714.076992 866.143561 1024.219598 1188.197882 1358.034205 1533.883707 1715.594217 1903.258276 2096.922729 2296.487944
851.884716 1071.113137 1299.199712 1536.289520 1782.233522 2037.150074 2300.823829 2573.368934 2854.905723 3145.390815 3444.731916
1135.846288 1428.167840 1732.389395 2048.349956 2376.220912 2716.086060 3067.732361 3431.195280 3806.513747 4193.880016 4592.975889
1419.807860 1785.142045 2165.372718 2560.435053 2970.317668 3395.043903 3834.577716 4289.036886 4758.218681 5242.340431 5741.219861
1703.769432 2142.186273 2598.481655 3072.471406 3564.476034 4074.060222 4601.510168 5146.776466 5709.906461 6290.775609 6889.463833
1987.731004 2499.266049 3031.557353 3584.579185 4158.406432 4753.142770 5368.374657 6004.565699 6661.535681 7339.217633 8037.707805
2271.692576 2856.243058 3464.504222 4096.661395 4752.590119 5431.966422 6135.309583 6862.455636 7613.233275 8387.700565 9185.951777
2555.654148 3213.364320 3897.747019 4608.752101 5346.654378 6110.980679 6902.274943 7720.156617 8564.840474 9436.155125 10334.195749
2839.615720 3570.384794 4330.749395 5120.781196 5940.663708 6789.969121 7669.136711 8577.989645 9516.502190 10484.610592 11482.439721
3123.577292 3927.342586 4763.802000 5632.852024 6534.716338 7469.040947 8436.120710 9434.872118 10468.046376 11533.081400 12630.683694
