1.000000 142.176000 283.352000 424.528000 565.704000 706.880000 848.056000 989.232000 1130.408000 1271.584000 1412.760000
1.000000 142.176000 283.352000 424.528000 565.704000 706.880000 848.056000 989.232000 1130.408000 1271.584000 1412.760000
1.000000 142.176000 283.352000 424.528000 565.704000 706.880000 848.056000 989.232000 1130.408000 1271.584000 1412.760000
1.000000 142.176000 283.352000 424.528000 565.704000 706.880000 848.056000 989.232000 1130.408000 1271.584000 1412.760000
1.000000 142.176000 283.352000 424.528000 565.704000 706.880000 848.056000 989.232000 1130.408000 1271.584000 1412.760000
1.000000 142.176000 283.352000 424.528000 565.704000 706.880000 848.056000 989.232000 1130.408000 1271.584000 1412.760000
1.000000 142.176000 283.352000 424.528000 565.704000 706.880000 848.056000 989.232000 1130.408000 1271.584000 1412.760000
1.000000 142.176000 283.352000 424.528000 565.704000 706.880000 848.056000 989.232000 1130.408000 1271.584000 1412.760000
1.000000 142.176000 283.352000 424.528000 565.704000 706.880000 848.056000 989.232000 1130.408000 1271.584000 1412.760000
1.000000 142.176000 283.352000 424.528000 565.704000 706.880000 848.056000 989.232000 1130.408000 1271.584000 1412.760000
1.000000 142.176000 283.352000 424.528000 565.704000 706.880000 848.056000 989.103658 1130.408000 1271.584000 1412.760000
