3600000.000000 156383098.000000 337113194.000000 545451928.000000 781176290.000000 1044262441.000000 1336539832.000000 1655192385.000000 2001417433.000000 2375705598.000000 2777657000.000000
7200000.000000 313042267.000000 674013375.000000 1091015361.000000 1563048525.000000 2089700683.000000 2672418324.000000 3309782643.000000 4002656458.000000 4751476561.000000 5555314000.000000
10800000.000000 469541484.000000 1010874337.000000 1636151230.000000 2343982580.000000 3135471902.000000 4008611337.000000 4964465181.000000 6004155405.000000 7127277515.000000 8332971000.000000
14400000.000000 626213726.000000 1348980310.000000 2181198664.000000 3124466770.000000 4179565932.000000 5344509823.000000 6619629113.000000 8005286770.000000 9503275333.000000 11110628000.000000
18000000.000000 782135424.000000 1685162245.000000 2726476029.000000 3905970654.000000 5223863747.000000 6679819255.000000 8274935310.000000 10007321710.000000 11879004770.000000 13888285000.000000
21600000.000000 938710003.000000 2022515367.000000 3271298915.000000 4688048981.000000 6268706783.000000 8015940751.000000 9929290254.000000 12009196698.000000 14254498893.000000 16665942000.000000
25200000.000000 1095616021.000000 2359558582.000000 3816787755.000000 5468001792.000000 7314167326.000000 9351428591.000000 11584108136.000000 14010525696.000000 16630056843.000000 19443599000.000000
28800000.000000 1251563865.000000 2695400619.000000 4362038205.000000 6250316202.000000 8357213978.000000 10687573157.000000 13239864967.000000 16012492195.000000 19005996217.000000 22221256000.000000
32400000.000000 1408856690.000000 3034001828.000000 4907367862.000000 7031517100.000000 9402037789.000000 12024001484.000000 14893860019.000000 18013615870.000000 21381671055.000000 24998913000.000000
36000000.000000 1565209797.000000 3370361402.000000 5452123076.000000 7812205844.000000 10446620903.000000 13359463947.000000 16549086240.000000 20015247854.000000 23757354352.000000 27776570000.000000
39600000.000000 1720978464.000000 3707189297.000000 5997267404.000000 8593298313.000000 11491981476.000000 14696066068.000000 18200734030.000000 22015784013.000000 26133180683.000000 30554227000.000000
