772.000000 772.000000 772.000000 772.000000 772.000000 772.000000 772.000000 772.000000 772.000000 772.000000 772.000000
772.000000 772.000000 772.000000 772.000000 772.000000 772.000000 772.000000 772.000000 772.000000 772.000000 772.000000
772.000000 772.000000 772.000000 772.000000 772.000000 772.000000 772.000000 772.000000 772.000000 772.000000 772.000000
772.000000 772.000000 772.000000 772.000000 772.000000 772.000000 772.000000 772.000000 772.000000 772.000000 772.000000
772.000000 772.000000 772.000000 772.000000 772.000000 772.000000 772.000000 772.000000 772.000000 772.000000 772.000000
772.000000 772.000000 772.000000 772.000000 772.000000 772.000000 772.000000 772.000000 772.000000 772.000000 772.000000
772.000000 772.000000 772.000000 772.000000 772.000000 772.000000 772.000000 772.000000 772.000000 772.000000 772.000000
772.000000 772.000000 772.000000 772.000000 772.000000 772.000000 772.000000 772.000000 772.000000 772.000000 772.000000
772.000000 772.000000 772.000000 772.000000 772.000000 772.000000 772.000000 772.000000 772.000000 772.000000 772.000000
772.000000 772.000000 772.000000 772.000000 772.000000 772.000000 772.000000 772.000000 772.000000 772.000000 772.000000
772.000000 772.000000 772.000000 772.000000 772.000000 772.000000 772.000000 772.000000 772.000000 772.000000 772.000000
