913.937535 913.937535 913.937535 913.937535 913.937535 913.937535 913.937535 913.937535 913.937535 913.937535 913.937535
1827.875070 1827.875070 1827.875070 1827.875070 1827.875070 1827.875070 1827.875070 1827.875070 1827.875070 1827.875070 1827.875070
2741.812605 2741.812605 2741.812605 2741.812605 2741.812605 2741.812605 2741.812605 2741.812605 2741.812605 2741.812605 2741.812605
3655.750140 3655.750140 3655.750140 3655.750140 3655.750140 3655.750140 3655.750140 3655.750140 3655.750140 3655.750140 3655.750140
4569.687675 4569.687675 4569.687675 4569.687675 4569.687675 4569.687675 4569.687675 4569.687675 4569.687675 4569.687675 4569.687675
5483.625210 5483.625210 5483.625210 5483.625210 5483.625210 5483.625210 5483.625210 5483.625210 5483.625210 5483.625210 5483.625210
6397.562745 6397.562745 6397.562745 6397.562745 6397.562745 6397.562745 6397.562745 6397.562745 6397.562745 6397.562745 6397.562745
7311.500280 7311.500280 7311.500280 7311.500280 7311.500280 7311.500280 7311.500280 7311.500280 7311.500280 7311.500280 7311.500280
8225.437815 8225.437815 8225.437815 8225.437815 8225.437815 8225.437815 8225.437815 8225.437815 8225.437815 8225.437815 8225.437815
9139.375350 9139.375350 9139.375350 9139.375350 9139.375350 9139.375350 9139.375350 9139.375350 9139.375350 9139.375350 9139.375350
10053.312885 10053.312885 10053.312885 10053.312885 10053.312885 10053.312885 10053.312885 10053.312885 10053.312885 10053.312885 10053.312885
